0   1   70
0   2   30
0   3   40
0   4   55
0   5   15
1   0   70
2   0   30
3   0   40
4   0   55
5   0   15
1   7   30
1   10   60
2   6   15
2   9   35
2   11   5
3   10   25
3   12   50
4   7   11
4   8   12
4   9   17
4   10   10
4   11   4
5   6   5
5   7   10
5   8   2
5   10   6
5   12   7
7   1   30
10  1    60
6   2   15
9   2   35
11  2    5
10  3    25
12  3    50
7   4   11
8   4   12
9   4   17
10  4    10
11  4    4
6   5   5
7   5   10
8   5   2
10  5    6
12  5    7
6   13  5
7   13  21
8   13  16
9   13  45
10  13   50
11  13   20
12  13   7
13  6   5
13  7   21
13  8   16
13  9   45
13  10   50
13  11   20
13  12   7
